총 문제 수: 13203

시험별:
  회계사: 5367
  세무사: 3477
  노무사: 1917
  감정평가사: 1732
  법무사: 710

=== 노무사 과목/연도 ===
  경영학개론 (350문): 2015(25) 2016(40) 2017(40) 2018(25) 2019(25) 2020(25) 2021(25) 2022(25) 2023(40) 2024(40) 2025(40)
  경제학개론 (310문): 2015(25) 2016(25) 2017(25) 2018(25) 2019(25) 2021(40) 2022(25) 2023(40) 2024(40) 2025(40)
  노동법Ⅰ (324문): 2015(40) 2016(40) 2017(25) 2018(25) 2019(40) 2020(25) 2021(24) 2022(25) 2024(40) 2025(40)
  노동법Ⅱ (322문): 2015(15) 2016(40) 2017(40) 2018(25) 2019(40) 2021(20) 2022(22) 2023(40) 2024(40) 2025(40)
  민법 (286문): 2015(25) 2016(26) 2017(25) 2018(40) 2019(25) 2020(40) 2022(25) 2024(40) 2025(40)
  사회보험법 (325문): 2015(20) 2016(22) 2017(21) 2018(40) 2019(21) 2020(21) 2021(40) 2022(20) 2023(40) 2024(40) 2025(40)
