=== 감정평가사 ===
  감정평가관련법규  [갭:2015,2016,2019,2023]
    연도: 2017(40) 2018(40) 2020(40) 2021(40) 2022(40) 2024(40) 2025(40) 2026(40)
  감정평가및보상법규
    연도: 2015(4) 2016(4) 2017(4) 2018(4) 2019(4) 2020(4) 2021(4) 2022(4) 2023(4) 2024(4) 2025(4)
  감정평가실무
    연도: 2015(4) 2016(4) 2017(4) 2018(4) 2019(4) 2020(4) 2021(4) 2022(4) 2023(4) 2024(4) 2025(4)
  감정평가이론
    연도: 2015(4) 2016(4) 2017(4) 2018(4) 2019(4) 2020(4) 2021(4) 2022(4) 2023(4) 2024(4) 2025(4)
  경제학원론  [갭:2019,2023]
    연도: 2015(40) 2016(40) 2017(40) 2018(40) 2020(40) 2021(40) 2022(40) 2024(40) 2025(40) 2026(40)
  민법  [갭:2019,2023]
    연도: 2015(40) 2016(40) 2017(40) 2018(40) 2020(40) 2021(40) 2022(40) 2024(40) 2025(40) 2026(40)
  부동산관계법규  [갭:2017,2018,2019,2020,2021,2022,2023,2024,2025]
    연도: 2015(40) 2016(40)
  회계학원론  [갭:2019,2023]
    연도: 2015(40) 2016(40) 2017(40) 2018(40) 2020(40) 2021(40) 2022(40) 2024(40) 2025(40) 2026(40)
=== 법무사 ===
  가족관계등록법  [갭:2015,2016,2017,2018,2019,2020,2021,2022,2023,2024,2025]
    연도: 2011(8)
  기타  [갭:2015,2016,2017,2018,2019,2020,2021,2022,2023,2024,2025]
    연도: 2007(24) 2014(15)
  등기신청서류의 작성  [갭:2016,2017,2018,2019,2020,2021,2022,2023,2024,2025]
    연도: 2015(1)
  민법  [갭:2016,2017,2018,2019,2020,2021,2025]
    연도: 2015(2) 2022(7) 2023(95) 2024(40)
  민사사건관련서류의 작성  [갭:2016,2017,2018,2019,2020,2021,2022,2023,2024,2025]
    연도: 2007(3) 2015(1)
  민사소송법  [갭:2016,2017,2018,2019,2020,2021,2022,2023,2024,2025]
    연도: 2015(2)
  민사집행법  [갭:2015,2016,2017,2018,2019,2020,2021,2022,2023,2024,2025]
    연도: 
  부동산등기법  [갭:2016,2017,2018,2019,2020,2021,2022,2023,2024,2025]
    연도: 2015(2)
  비송사건절차법  [갭:2015,2016,2017,2018,2019,2020,2021,2022,2023,2024,2025]
    연도: 
  상법  [갭:2016,2017,2018,2019,2021,2022,2024,2025]
    연도: 2014(30) 2015(30) 2020(30) 2023(30)
  헌법  [갭:2015,2016,2017,2018,2019,2020,2022,2023]
    연도: 2021(20) 2024(20) 2025(20)
  형법  [갭:2016,2017,2018,2019,2020,2021,2022,2023,2024,2025]
    연도: 2015(1)
  형사소송법  [갭:2016,2017,2018,2019,2020,2021,2022,2023,2024,2025]
    연도: 2015(2)
=== 세무사 ===
  기타  [갭:2015,2016,2017,2018,2019,2020,2021,2022,2023,2024]
    연도: 2025(80)
  민법  [갭:2016]
    연도: 2015(40) 2017(157) 2018(40) 2019(40) 2020(40) 2021(80) 2022(40) 2023(40) 2024(40) 2025(40) 2026(40)
  상법  [갭:2015]
    연도: 2016(80) 2017(80) 2018(40) 2019(40) 2020(40) 2021(80) 2022(40) 2023(40) 2024(40) 2025(40) 2026(40)
  세법  [갭:2015,2017]
    연도: 2016(120) 2018(40) 2019(40) 2020(40) 2021(40) 2022(40) 2023(40) 2024(40) 2025(40)
  세법학개론  [갭:2016,2017,2018,2019,2020,2021,2022,2023,2024,2025]
    연도: 2015(40)
  재정학  [갭:2015,2016]
    연도: 2017(160) 2018(40) 2019(40) 2020(40) 2021(158) 2022(80) 2023(80) 2024(80) 2025(40) 2026(80)
  행정소송법  [갭:2016,2017]
    연도: 2015(40) 2018(40) 2019(40) 2020(40) 2021(80) 2022(40) 2023(40) 2024(40) 2025(40) 2026(40)
  회계학  [갭:2015]
    연도: 2016(158) 2017(4) 2018(40) 2019(40) 2020(40) 2021(40) 2022(40) 2023(40) 2024(40) 2025(40)
  회계학개론  [갭:2016,2017,2018,2019,2020,2021,2022,2023,2024,2025]
    연도: 2015(40)
=== 회계사 ===
    [갭:2015,2018,2020,2021,2022,2023,2024,2025]
    연도: 2016(3) 2017(15) 2019(13)
  경영학
    연도: 2000(25) 2005(40) 2006(40) 2007(40) 2008(40) 2009(40) 2010(40) 2011(40) 2012(39) 2013(40) 2014(40) 2015(20) 2016(37) 2017(40) 2018(80) 2019(80) 2020(79) 2021(80) 2022(80) 2023(80) 2024(40) 2025(64)
  경제원론
    연도: 2000(25) 2005(40) 2006(40) 2008(40) 2009(16) 2010(40) 2011(38) 2012(39) 2013(40) 2014(40) 2015(40) 2016(40) 2017(13) 2018(15) 2019(12) 2020(40) 2021(31) 2022(20) 2023(20) 2024(40) 2025(11)
  기타  [갭:2015,2018,2020,2021,2022,2023,2024,2025]
    연도: 2007(39) 2016(3) 2017(7) 2019(8)
  상법
    연도: 2000(24) 2005(39) 2006(40) 2007(40) 2008(40) 2009(40) 2010(38) 2011(40) 2012(40) 2013(40) 2014(40) 2015(40) 2016(40) 2017(40) 2018(40) 2019(40) 2020(40) 2021(40) 2022(40) 2023(40) 2024(40) 2025(40)
  세법
    연도: 2000(21) 2005(38) 2006(39) 2007(40) 2008(43) 2009(46) 2010(40) 2011(28) 2012(40) 2013(22) 2014(40) 2015(49) 2016(58) 2017(34) 2018(33) 2019(85) 2020(87) 2021(86) 2022(97) 2023(124) 2024(52) 2025(55)
  회계감사
    연도: 2006(1) 2011(1) 2014(2) 2015(18) 2016(9) 2017(34) 2018(18) 2019(19) 2020(15) 2021(21) 2022(28) 2023(23) 2024(10) 2025(28)
  회계학
    연도: 2000(23) 2004(3) 2005(39) 2006(40) 2007(48) 2008(50) 2009(50) 2010(48) 2011(50) 2012(45) 2013(9) 2014(50) 2015(59) 2016(63) 2017(63) 2018(61) 2019(63) 2020(111) 2021(62) 2022(62) 2023(63) 2024(12) 2025(58)