=== 노무사 ===
  [324문] 노동법Ⅰ  ★갭:2023
    연도: 2015(40) 2016(40) 2017(25) 2018(25) 2019(40) 2020(25) 2021(24) 2022(25) 2024(40) 2025(40)
  [346문] 노동법Ⅱ  ✓완전
    연도: 2015(15) 2016(40) 2017(40) 2018(25) 2019(40) 2020(24) 2021(20) 2022(22) 2023(40) 2024(40) 2025(40)
  [286문] 민법  ★갭:2021,2023
    연도: 2015(25) 2016(26) 2017(25) 2018(40) 2019(25) 2020(40) 2022(25) 2024(40) 2025(40)
  [325문] 사회보험법  ✓완전
    연도: 2015(20) 2016(22) 2017(21) 2018(40) 2019(21) 2020(21) 2021(40) 2022(20) 2023(40) 2024(40) 2025(40)
  [310문] 경제학개론  ★갭:2020
    연도: 2015(25) 2016(25) 2017(25) 2018(25) 2019(25) 2021(40) 2022(25) 2023(40) 2024(40) 2025(40)
  [350문] 경영학개론  ✓완전
    연도: 2015(25) 2016(40) 2017(40) 2018(25) 2019(25) 2020(25) 2021(25) 2022(25) 2023(40) 2024(40) 2025(40)

=== 세무사 ===
  [597문] 민법  ★갭:2016
    연도: 2015(40) 2017(157) 2018(40) 2019(40) 2020(40) 2021(80) 2022(40) 2023(40) 2024(40) 2025(40)
  [560문] 상법  ★갭:2015
    연도: 2016(80) 2017(80) 2018(40) 2019(40) 2020(40) 2021(80) 2022(40) 2023(40) 2024(40) 2025(40)
  [480문] 세법학개론  ★갭:2017
    연도: 2015(40) 2016(120) 2018(40) 2019(40) 2020(40) 2021(40) 2022(40) 2023(40) 2024(40) 2025(40)
  [798문] 재정학  ★갭:2015,2016
    연도: 2017(160) 2018(40) 2019(40) 2020(40) 2021(158) 2022(80) 2023(80) 2024(80) 2025(40)
  [440문] 행정소송법  ★갭:2016,2017
    연도: 2015(40) 2018(40) 2019(40) 2020(40) 2021(80) 2022(40) 2023(40) 2024(40) 2025(40)
  [522문] 회계학개론  ✓완전
    연도: 2015(40) 2016(158) 2017(4) 2018(40) 2019(40) 2020(40) 2021(40) 2022(40) 2023(40) 2024(40) 2025(40)

=== 법무사 ===
  [60문] 헌법  ★갭:2015,2016,2017,2018,2019,2020,2022,2023
    연도: 2021(20) 2024(20) 2025(20)
  [144문] 민법  ★갭:2016,2017,2018,2019,2020,2021,2025
    연도: 2015(2) 2022(7) 2023(95) 2024(40)
  [120문] 상법  ★갭:2016,2017,2018,2019,2021,2022,2024,2025
    연도: 2015(30) 2020(30) 2023(30)

=== 감정평가사 ===
  [320문] 감정평가관련법규  ★갭:2015,2016,2019,2023
    연도: 2017(40) 2018(40) 2020(40) 2021(40) 2022(40) 2024(40) 2025(40)
  [400문] 경제학원론  ★갭:2019,2023
    연도: 2015(40) 2016(40) 2017(40) 2018(40) 2020(40) 2021(40) 2022(40) 2024(40) 2025(40)
  [400문] 민법  ★갭:2019,2023
    연도: 2015(40) 2016(40) 2017(40) 2018(40) 2020(40) 2021(40) 2022(40) 2024(40) 2025(40)
  [80문] 부동산관계법규  ★갭:2017,2018,2019,2020,2021,2022,2023,2024,2025
    연도: 2015(40) 2016(40)
  [400문] 회계학원론  ★갭:2019,2023
    연도: 2015(40) 2016(40) 2017(40) 2018(40) 2020(40) 2021(40) 2022(40) 2024(40) 2025(40)

=== 회계사 ===
  [1104문] 경영학  ✓완전
    연도: 2015(20) 2016(37) 2017(40) 2018(80) 2019(80) 2020(79) 2021(80) 2022(80) 2023(80) 2024(40) 2025(64)
  [640문] 경제원론  ✓완전
    연도: 2015(40) 2016(40) 2017(13) 2018(15) 2019(12) 2020(40) 2021(31) 2022(20) 2023(20) 2024(40) 2025(11)
  [861문] 상법  ✓완전
    연도: 2015(40) 2016(40) 2017(40) 2018(40) 2019(40) 2020(40) 2021(40) 2022(40) 2023(40) 2024(40) 2025(40)
  [1157문] 세법  ✓완전
    연도: 2015(49) 2016(58) 2017(34) 2018(33) 2019(85) 2020(87) 2021(86) 2022(97) 2023(124) 2024(52) 2025(55)
  [227문] 회계감사  ✓완전
    연도: 2015(18) 2016(9) 2017(34) 2018(18) 2019(19) 2020(15) 2021(21) 2022(28) 2023(23) 2024(10) 2025(28)
  [1132문] 회계학  ✓완전
    연도: 2015(59) 2016(63) 2017(63) 2018(61) 2019(63) 2020(111) 2021(62) 2022(62) 2023(63) 2024(12) 2025(58)

