총 문제: 14229

=== 노무사 ===
  [400] 경영학개론  OK
    2015(25) 2016(40) 2017(40) 2018(50) 2019(25) 2020(25) 2021(25) 2022(50) 2023(40) 2024(40) 2025(40)
  [410] 경제학개론  OK
    2015(25) 2016(50) 2017(25) 2018(25) 2019(50) 2020(25) 2021(40) 2022(50) 2023(40) 2024(40) 2025(40)
  [399] 노동법Ⅰ  GAP:2023
    2015(40) 2016(40) 2017(50) 2018(25) 2019(40) 2020(50) 2021(24) 2022(50) 2024(40) 2025(40)
  [437] 노동법Ⅱ  OK
    2015(15) 2016(40) 2017(40) 2018(50) 2019(40) 2020(48) 2021(40) 2022(44) 2023(40) 2024(40) 2025(40)
  [361] 민법  GAP:2021,2023
    2015(25) 2016(26) 2017(50) 2018(40) 2019(50) 2020(40) 2022(50) 2024(40) 2025(40)
  [387] 사회보험법  OK
    2015(20) 2016(22) 2017(42) 2018(40) 2019(21) 2020(42) 2021(40) 2022(40) 2023(40) 2024(40) 2025(40)

=== 세무사 ===
  [80] 기타  GAP:2015,2016,2017,2018,2019,2020,2021,2022,2023,2024
    2025(80)
  [597] 민법  GAP:2016
    2015(80) 2017(157) 2018(40) 2019(40) 2020(40) 2021(80) 2022(40) 2023(40) 2024(40) 2025(40)
  [520] 상법  GAP:2015
    2016(80) 2017(80) 2018(40) 2019(40) 2020(40) 2021(80) 2022(40) 2023(40) 2024(40) 2025(40)
  [520] 세법학개론  GAP:2017
    2015(80) 2016(120) 2018(40) 2019(40) 2020(40) 2021(40) 2022(40) 2023(40) 2024(40) 2025(40)
  [718] 재정학  GAP:2015,2016
    2017(160) 2018(40) 2019(40) 2020(40) 2021(158) 2022(80) 2023(80) 2024(80) 2025(40)
  [480] 행정소송법  GAP:2016
    2015(80) 2017(40) 2018(40) 2019(40) 2020(40) 2021(80) 2022(40) 2023(40) 2024(40) 2025(40)
  [562] 회계학개론  OK
    2015(80) 2016(158) 2017(4) 2018(40) 2019(40) 2020(40) 2021(40) 2022(40) 2023(40) 2024(40) 2025(40)

=== 법무사 ===
  [1] 등기신청서류의 작성  GAP:2016,2017,2018,2019,2020,2021,2022,2023,2024,2025
    2015(1)
  [184] 민법  GAP:2016,2017,2018,2019,2020,2021,2025
    2015(2) 2022(7) 2023(135) 2024(40)
  [1] 민사사건관련서류의 작성  GAP:2016,2017,2018,2019,2020,2021,2022,2023,2024,2025
    2015(1)
  [2] 민사소송법  GAP:2016,2017,2018,2019,2020,2021,2022,2023,2024,2025
    2015(2)
  [2] 부동산등기법  GAP:2016,2017,2018,2019,2020,2021,2022,2023,2024,2025
    2015(2)
  [180] 상법  GAP:2016,2017,2018,2019,2021,2022,2024,2025
    2015(60) 2020(60) 2023(60)
  [120] 헌법  GAP:2015,2016,2017,2018,2019,2020,2022,2023
    2021(40) 2024(40) 2025(40)
  [1] 형법  GAP:2016,2017,2018,2019,2020,2021,2022,2023,2024,2025
    2015(1)
  [2] 형사소송법  GAP:2016,2017,2018,2019,2020,2021,2022,2023,2024,2025
    2015(2)

=== 감정평가사 ===
  [319] 감정평가관련법규  GAP:2015,2016,2019
    2017(40) 2018(40) 2020(40) 2021(40) 2022(40) 2023(39) 2024(40) 2025(40)
  [44] 감정평가및보상법규  OK
    2015(4) 2016(4) 2017(4) 2018(4) 2019(4) 2020(4) 2021(4) 2022(4) 2023(4) 2024(4) 2025(4)
  [44] 감정평가실무  OK
    2015(4) 2016(4) 2017(4) 2018(4) 2019(4) 2020(4) 2021(4) 2022(4) 2023(4) 2024(4) 2025(4)
  [44] 감정평가이론  OK
    2015(4) 2016(4) 2017(4) 2018(4) 2019(4) 2020(4) 2021(4) 2022(4) 2023(4) 2024(4) 2025(4)
  [400] 경제학원론  GAP:2019
    2015(40) 2016(40) 2017(40) 2018(40) 2020(40) 2021(40) 2022(40) 2023(40) 2024(40) 2025(40)
  [400] 민법  GAP:2019
    2015(40) 2016(40) 2017(40) 2018(40) 2020(40) 2021(40) 2022(40) 2023(40) 2024(40) 2025(40)
  [80] 부동산관계법규  GAP:2017,2018,2019,2020,2021,2022,2023,2024,2025
    2015(40) 2016(40)
  [400] 회계학원론  GAP:2019
    2015(40) 2016(40) 2017(40) 2018(40) 2020(40) 2021(40) 2022(40) 2023(40) 2024(40) 2025(40)
